750
0
0
0
50
194
245
245
313
202
159
148
873
800
50
84
317
253
258
159
245
261
278
112
313
155
0
231
219
148
138
153
212
247
268
182
245
300
309
313
258
355
245
289
50
341
121
341
258
313
355
206
159
130
236
169
231
355
145
317
258
272
231
341
327
206
219
273
341
272
231
216
355
258
255
355
231
341
159
231
287
245
258
64
272
327
258
258
248
258
341
272
355
206
898
258
327
355
219
170
272
194
261
287
238
341
272
206
272
287
355
258
273
300
258
231
295
327
300
231
327
245
341
245
272
355
258
313
317
283
212
245
287
341
245
272
287
258
272
255
272
272
570
800
355
278
323
231
355
341
258
341
258
364
313
206
355
313
265
261
295
300
272
355
327
341
800
182
327
272
258
287
355
182
258
278
245
258
258
245
258
341
219
245
258
258
313
272
327
355
327
245
229
800
231
258
327
245
231
313
341
341
355
280
287
228
258
206
327
295
327
245
272
245
231
148
245
313
355
272
341
258
272
272
355
341
245
341
219
800
245
258
341
272
327
341
313
258
272
258
313
245
206
280
231
258
268
245
355
258
355
159
300
341
280
355
295
278
231
327
231
258
341
258
272
245
272
327
258
269
196
327
341
245
327
355
219
341
269
219
245
800
231
245
341
245
273
800
309
258
327
355
272
231
231
245
245
258
355
334
300
1237
206
284
258
355
327
853
327
70
272
341
355
231
300
258
327
272
245
302
355
1151
327
219
231
245
477
341
245
367
341
219
245
800
320
355
355
341
962
355
341
1173
245
245
272
1145
258
800
272
268
323
341
355
800
272
355
258
355
258
355
313
1196
258
327
800
231
258
404
212
284
245
355
258
800
258
800
170
399
204
355
355
800
1241
281
213
1151
295
581
266
224
319
800
231
800
226
341
194
327
260
327
341
800
800
1224
267
300
812
258
355
515
312
231
272
800
800
800
231
272
327
283
327
800
800
245
299
1231
800
280
278
341
482
272
800
540
272
800
855
617
245
575
341
800
258
313
1311
1173
800
341
281
879
261
327
341
800
206
800
800
355
800
258
287
1237
800
245
854
341
800
624
272
272
278
341
800
800
327
245
510
602
590
800
245
1241
272
259
800
800
800
1249
537
287
206
515
287
278
800
341
327
800
800
1216
327
1188
272
561
280
268
272
800
327
800
448
675
800
259
254
369
85
269
1111
280
355
1272
800
1115
278
268
341
278
318
291
278
930
231
278
554
800
800
800
1152
800
272
800
244
268
800
1158
268
258
268
265
274
800
258
800
237
245
596
411
206
148
272
800
275
800
1259
258
575
341
268
272
244
278
269
495
278
278
341
268
235
313
327
545
259
280
268
1237
259
510
278
800
341
1162
1249
582
567
280
278
280
242
241
327
800
228
341
1259
525
955
295
800
513
268
568
532
800
578
553
228
567
924
252
258
581
272
800
105
231
534
269
470
510
242
800
546
800
534
355
581
278
503
596
231
1121
269
276
800
355
800
922
194
1237
272
800
309
299
566
940
800
1259
272
800
272
800
278
800
166
923
800
255
341
850
800
800
193
800
800
280
236
149
56
887
272
800
325
268
809
265
800
919
919
275
800
174
245
947
800
323
800
272
548
950
272
1216
245
1237
800
852
800
262
800
258
800
266
300
182
940
268
278
800
245
850
245
800
258
924
355
248
800
534
1253
327
800
269
800
258
355
800
800
800
355
224
258
551
850
945
800
870
219
327
245
800
258
258
1277
800
1187
272
355
800
258
182
327
800
477
914
800
506
232
281
313
800
298
1220
800
295
258
258
327
800
800
309
341
800
800
1096
800
550
353
278
217
355
217
1161
800
1220
800
99
371
800
246
800
341
1136
800
800
800
800
800
477
800
850
874
370
800
309
800
800
800
800
570
800
258
800
800
800
800
800
800
800
800
800
258
800
800
86
800
277
239
800
800
254
287
1089
870
800
568
800
800
800
245
201
800
800
800
800
800
800
800
800
300
800
194
209
800
800
582
800
546
581
553
800
800
800
553
800
800
908
800
800
800
800
327
534
884
197
800
800
800
525
568
800
581
800
800
239
800
532
532
596
567
800
258
535
850
800
467
800
919
800
800
568
285
800
800
800
800
800
313
800
800
800
231
800
800
800
281
800
800
800
274
288
800
800
800
581
800
553
800
800
311
255
194
800
800
800
800
800
800
800
570
488
478
800
232
656
800
255
546
567
800
800
300
1218
800
800
800
1220
702
800
926
251
800
800
800
800
800
246
572
800
800
268
245
800
800
800
282
295
800
180
559
919
800
268
800
800
1078
800
800
800
305
800
248
317
800
800
250
800
800
800
800
800
809
966
800
258
266
961
800
887
495
800
159
800
800
800
800
870
800
1194
800
800
800
800
800
800
227
800
800
800
800
231
272
800
875
800
800
800
800
800
233
800
800
800
800
800
800
800
800
244
800
800
258
800
800
800
306
567
800
800
259
800
800
800
341
800
800
800
231
800
283
460
327
1130
895
800
211
800
871
800
880
800
239
800
800
800
272
800
800
314
950
800
327
800
800
248
966
809
800
546
346
261
800
977
800
800
800
800
800
800
149
268
245
800
800
935
800
800
800
308
254
277
800
574
800
800
800
396
1256
800
800
903
355
552
800
897
239
800
954
800
850
800
800
800
800
575
239
800
800
206
950
227
313
553
809
510
800
974
800
800
870
296
800
485
800
280
259
800
227
935
232
800
231
800
800
919
870
581
800
1267
903
254
800
1198
243
239
966
800
966
800
800
850
345
1240
800
800
800
800
800
800
853
565
850
931
800
568
266
887
237
246
800
548
355
564
800
255
950
800
264
248
312
800
476
966
194
800
800
800
800
870
944
800
194
800
800
919
211
800
966
966
800
800
800
231
909
233
850
278
800
295
800
919
341
1195
800
149
887
966
164
919
231
226
800
828
268
800
800
800
265
243
800
870
355
1266
269
800
266
800
245
261
800
259
800
800
800
800
312
800
800
800
800
264
341
531
800
919
800
800
1190
800
852
350
851
800
800
800
800
894
800
800
247
800
245
491
800
243
800
800
239
800
201
258
800
209
268
800
800
262
800
800
800
800
268
236
800
800
259
800
237
800
800
960
269
800
800
800
858
800
293
800
800
907
245
800
884
218
800
800
828
800
938
966
800
800
133
800
800
237
800
180
917
800
206
556
800
800
909
854
541
800
233
800
258
800
800
800
211
800
800
800
242
269
313
800
800
800
1167
800
903
800
800
800
268
800
840
800
800
800
800
1106
800
800
236
1237
800
913
800
800
855
800
1123
800
869
800
800
800
919
139
800
800
800
800
245
564
800
800
800
272
144
269
800
462
809
800
800
168
255
800
800
800
1130
800
245
800
800
800
248
247
800
800
800
800
510
800
800
800
216
935
1231
800
956
800
258
800
800
373
800
800
800
800
809
800
800
800
847
800
800
800
578
800
800
800
309
800
245
800
258
329
800
800
800
800
800
800
800
800
1263
800
800
581
800
800
111
800
193
800
861
800
800
598
330
902
800
800
919
800
846
800
800
554
800
800
341
1264
245
235
800
800
800
800
800
1122
826
800
314
800
800
800
246
545
919
254
102
1240
231
800
800
800
800
800
921
800
800
311
800
245
800
800
800
1101
252
800
334
800
245
800
1238
993
800
914
800
973
551
800
800
800
800
800
800
1144
506
800
309
800
245
800
800
800
1241
800
800
252
800
800
1191
800
800
800
551
1076
800
1274
355
581
268
800
1151
1190
504
800
800
530
800
1237
439
800
596
800
800
902
800
263
248
800
272
565
800
800
622
1040
800
227
800
566
800
800
800
800
800
800
578
800
77
272
219
654
800
800
800
950
800
1244
800
800
800
578
800
800
800
800
800
973
355
1259
258
1062
800
800
1207
800
800
800
800
1172
1113
800
800
800
800
800
800
1136
245
800
231
800
978
702
800
800
800
278
261
914
800
800
1220
800
1145
561
800
539
327
469
355
800
800
551
1174
800
855
800
800
1142
855
1019
1188
1132
800
1142
800
341
258
809
194
885
882
800
1091
800
800
1112
800
1217
800
978
1249
633
1123
800
800
593
70
800
159
540
1220
800
322
800
334
623
243
892
581
574
800
533
800
916
800
534
327
1145
258
800
800
847
1037
579
800
568
1249
800
591
1198
555
1130
1265
547
873
800
272
800
258
1239
596
1137
1114
1233
612
800
1094
2638
512
1057
1104
800
800
800
550
1134
245
800
229
641
800
1227
424
800
800
800
1172
800
800
532
1043
800
882
800
800
800
313
800
170
800
549
800
969
1043
800
463
587
1010
818
254
1187
800
593
800
1127
248
258
800
272
951
581
800
1205
578
800
800
800
800
800
800
800
800
1171
800
1174
800
313
800
258
572
1191
662
800
503
488
800
800
800
539
892
1197
800
562
272
800
800
276
402
217
252
800
800
534
299
800
211
1259
800
258
1163
1194
568
800
427
1144
341
341
560
245
561
1274
546
245
1000
800
482
309
568
567
1197
800
800
800
258
596
800
70
809
261
809
800
1216
355
450
581
882
800
800
530
134
1228
800
590
589
800
800
258
800
231
800
800
800
565
238
800
800
878
800
800
800
498
439
546
568
1238
530
231
800
295
800
300
800
546
800
1209
581
581
374
596
800
800
581
582
800
800
800
Highest Fitness: 1209
