102
287
323
327
341
224
245
272
295
306
272
258
258
341
258
272
327
327
272
245
272
258
194
272
355
309
258
245
313
300
206
272
355
245
111
245
121
148
300
327
261
245
327
263
231
217
145
182
272
313
341
355
258
219
355
323
261
258
272
272
327
170
231
323
258
323
355
255
229
245
281
327
317
295
313
138
59
245
306
317
245
245
157
355
313
323
313
355
345
273
258
272
341
295
313
334
245
291
341
268
327
309
272
341
355
258
258
281
313
231
291
313
182
272
327
231
148
258
327
282
248
313
268
313
309
253
148
355
327
264
272
281
295
245
231
272
204
231
300
309
341
320
219
311
138
206
313
295
245
145
355
323
248
258
272
169
111
253
231
272
355
219
278
300
245
295
323
258
278
245
360
355
245
282
245
261
245
341
138
313
300
341
345
212
323
309
323
157
245
109
245
258
272
109
245
258
341
313
341
258
231
258
280
272
245
258
217
720
268
272
323
258
295
327
248
300
320
170
258
206
273
148
272
258
327
320
309
231
345
258
194
295
159
317
453
272
274
327
272
295
258
231
258
309
272
231
355
341
219
309
255
251
182
282
272
258
258
214
245
251
231
345
327
258
313
240
148
272
264
159
282
245
323
272
355
281
119
323
50
303
245
272
258
313
323
272
258
341
182
327
231
255
206
170
272
231
301
245
170
159
287
330
219
282
278
231
282
258
327
278
355
272
268
355
341
341
261
231
258
258
273
281
287
327
268
245
245
327
219
300
258
325
313
313
258
170
345
231
272
245
248
272
273
313
245
219
148
282
236
282
194
355
327
282
231
341
341
327
231
245
170
258
303
309
194
272
182
341
268
258
282
231
219
119
320
273
272
245
205
330
341
170
313
282
300
309
281
121
258
272
231
282
231
272
287
300
355
245
231
268
245
295
206
313
231
258
281
313
300
345
258
219
295
313
182
273
295
278
258
313
Highest Fitness: 345
