102
287
323
327
341
224
245
272
295
306
272
258
258
341
258
272
327
327
272
245
272
258
194
272
355
309
258
245
313
300
206
272
355
245
111
245
121
148
300
327
261
245
327
263
231
217
145
182
272
313
341
355
258
219
355
323
261
258
272
272
327
170
231
323
258
323
355
255
229
245
281
327
317
295
313
138
59
245
306
317
245
245
157
355
313
323
313
355
345
273
258
272
341
295
313
334
245
291
341
268
327
309
272
341
355
258
258
281
313
231
291
313
182
272
327
231
148
258
327
282
248
313
268
313
309
253
148
355
327
264
272
281
295
245
231
272
204
231
300
309
341
320
219
311
138
206
313
295
245
145
355
323
248
258
272
169
111
253
231
272
355
219
278
300
245
295
323
258
278
245
360
355
245
282
245
261
245
341
138
313
300
341
345
212
323
309
323
157
245
109
245
258
272
109
245
258
341
313
341
258
231
258
280
272
245
258
217
720
268
272
323
258
295
327
248
300
320
170
258
206
273
148
272
258
327
320
309
231
345
258
194
295
159
317
453
272
274
327
272
295
258
231
258
309
272
231
355
341
219
309
255
251
182
282
272
258
258
214
245
251
231
345
327
258
313
240
148
272
264
159
282
245
323
272
355
281
119
323
50
303
245
272
258
313
323
272
258
341
182
327
231
255
206
170
272
231
301
245
170
159
287
330
219
282
278
231
282
258
327
278
355
272
268
355
341
341
261
231
258
258
273
281
287
327
268
245
245
327
219
300
258
325
313
313
258
170
345
231
272
245
248
272
273
313
245
219
148
282
236
282
194
355
327
282
231
341
341
327
231
245
170
258
303
309
194
272
182
341
268
258
282
231
219
119
320
273
272
245
205
330
341
170
313
282
300
309
281
121
258
272
231
282
231
272
287
300
355
245
231
268
245
295
206
313
231
258
281
313
300
345
258
219
295
313
182
273
295
278
258
313
258
300
258
245
245
245
341
269
370
313
355
295
258
295
273
258
236
341
219
323
245
206
334
317
215
327
245
258
282
258
287
258
59
245
272
320
258
245
309
295
194
231
300
272
327
219
194
341
121
287
245
229
229
273
238
231
259
245
225
258
245
242
272
320
231
313
300
231
313
320
245
245
282
206
231
272
182
273
313
159
341
206
313
319
273
245
50
281
313
182
272
327
64
300
327
355
287
258
272
258
236
327
281
281
111
300
219
300
282
258
300
245
309
245
231
245
258
182
245
206
258
245
295
242
300
272
102
355
235
245
258
300
206
245
327
272
111
313
300
300
327
219
258
258
265
151
231
231
300
258
219
300
300
300
258
300
327
300
282
300
121
245
323
300
300
258
300
334
341
341
300
148
300
258
182
254
295
258
300
300
300
272
212
300
300
300
300
245
300
300
300
300
282
300
245
261
313
300
272
231
273
231
282
231
341
300
327
148
300
300
272
300
258
300
272
356
272
355
300
300
219
245
272
300
292
300
300
327
206
300
264
219
341
182
219
300
272
224
300
300
258
206
327
300
300
182
300
300
245
300
170
300
300
323
300
258
300
300
300
111
272
231
300
272
300
300
300
159
300
300
300
300
258
194
300
245
300
300
258
300
272
206
258
300
272
300
300
300
300
245
182
300
138
300
258
231
300
194
300
170
182
272
300
272
300
300
300
520
300
272
300
300
313
300
300
300
300
300
300
300
273
258
258
300
231
300
171
578
300
219
245
300
300
150
300
300
284
257
300
327
258
272
595
300
300
327
242
219
300
272
186
662
300
300
180
300
300
300
300
300
219
268
251
300
300
300
300
469
313
463
231
248
300
578
501
300
272
300
231
300
206
341
546
341
272
300
501
741
623
355
258
300
245
539
427
662
300
539
463
539
231
214
578
300
268
643
355
450
559
569
539
231
300
258
570
376
578
300
300
245
231
282
652
309
300
219
539
403
573
604
300
633
496
655
341
539
300
242
520
539
272
258
763
585
615
702
231
300
138
615
300
499
273
327
566
520
145
300
742
585
313
327
539
750
559
623
582
501
677
622
514
682
398
300
245
654
627
492
557
300
258
236
581
492
300
527
520
550
561
643
578
341
383
245
667
300
463
580
396
305
245
272
300
231
710
272
645
643
159
300
245
702
341
550
266
522
219
598
157
620
341
281
231
588
682
258
702
509
664
297
300
559
662
231
569
300
556
395
593
580
272
245
300
231
751
341
502
360
595
528
621
539
702
668
313
235
591
196
231
258
327
309
266
231
352
333
272
245
300
182
278
358
540
300
598
445
539
643
245
287
279
261
623
317
300
300
346
300
491
415
257
151
245
148
602
750
567
327
662
231
313
138
323
281
702
231
730
623
643
662
241
589
300
256
355
300
300
370
598
341
327
258
282
565
287
500
272
300
590
169
300
244
300
593
655
567
398
741
219
479
258
327
539
582
501
300
300
392
710
287
301
501
300
219
608
258
510
636
427
520
272
295
497
609
272
557
559
300
313
264
595
661
702
272
564
650
621
501
258
213
341
272
300
206
170
484
536
313
300
662
408
522
559
496
300
603
272
300
576
635
355
345
420
300
231
585
636
700
571
544
530
633
568
343
520
736
579
608
300
245
93
50
534
523
584
617
245
341
245
300
549
300
301
219
300
327
344
250
272
520
219
181
804
577
206
558
258
592
300
500
231
619
300
662
521
300
606
435
219
231
355
245
300
575
341
327
244
300
713
552
392
570
327
300
519
245
442
430
634
695
245
102
512
539
159
606
300
501
259
231
258
476
426
313
272
687
355
300
421
139
272
272
559
580
219
300
478
300
770
596
585
538
248
573
300
313
212
341
601
368
245
258
505
564
300
537
300
77
300
596
554
300
391
300
408
300
300
390
577
687
219
272
468
743
609
223
491
300
300
300
300
300
327
300
486
585
300
351
501
159
272
182
394
622
593
406
740
548
421
272
682
503
300
421
547
300
503
597
526
564
84
219
390
546
682
245
702
613
574
756
547
493
164
662
589
300
526
564
219
392
182
219
686
541
630
231
592
539
545
300
653
590
626
353
194
680
622
559
570
811
219
231
397
427
576
623
564
561
535
685
258
520
300
484
684
628
300
579
765
530
300
306
421
422
562
258
585
546
716
533
618
566
300
300
300
515
327
765
272
638
245
272
426
448
801
300
300
565
570
533
567
313
508
231
251
300
529
231
537
763
182
159
421
590
688
351
662
487
690
258
740
512
493
710
615
702
585
300
327
505
327
231
567
348
421
248
567
544
503
219
170
313
528
548
772
588
550
260
544
546
300
231
528
533
313
273
524
245
509
273
352
547
300
498
761
272
607
300
272
355
327
170
566
162
245
341
300
534
621
535
245
231
512
518
741
559
258
194
313
475
355
138
492
597
308
327
280
212
445
595
536
238
542
524
569
667
614
539
280
494
272
231
415
552
559
279
206
484
520
313
300
779
548
138
564
477
558
781
774
300
Highest Fitness: 781
