7719
7719
7719
7719
7718
7718
7719
7718
7707
7705
7719
7702
7718
7719
7718
7717
7655
7706
7719
7719
7719
7718
7719
7700
7719
7718
7677
7719
7719
7579
7719
7579
7719
7719
7719
7718
7718
7718
7719
7719
7708
7719
7719
7714
7719
7714
7718
7718
7579
7718
7719
7719
7718
7718
7718
7578
7719
7719
7719
7719
7719
7719
7719
7718
7718
7718
7718
7718
7718
7719
7719
7719
7718
7719
7719
7719
7718
7719
7719
7718
7719
7719
7718
7719
7719
7705
7719
7579
7490
7718
7719
7718
7719
7719
7719
7719
7719
7718
7718
7719
7714
7554
7718
7494
7719
7718
7719
7714
7719
7719
7711
7718
7718
7719
7719
7718
7719
7697
7718
7603
7718
7718
7719
7706
7719
7719
7711
7718
7718
7718
7719
7713
7719
7718
7719
7718
7719
7718
7711
7719
7718
7719
7719
7718
7710
7719
7718
7719
7719
7718
7718
7702
7718
7719
7719
7719
7719
7578
7718
7554
7719
7719
7719
7718
7719
7694
7718
7718
7719
7719
7718
7718
7718
7719
7698
7719
7654
7494
7695
7719
7701
7578
7719
7515
7718
7719
7719
7719
7718
7719
7719
7718
7668
7702
7719
7719
7719
7719
7719
7719
7710
7718
7719
7719
7719
7718
7647
7574
7719
7719
7710
7719
7719
7711
7719
7719
7718
7699
7719
7719
7719
7718
7719
7718
7719
7719
7719
7719
7719
7719
7718
7718
7718
7490
7719
7714
7719
7719
7719
7719
7719
7718
7718
7713
7719
7718
7718
7719
7719
7719
7719
7719
7719
7717
7719
7719
7719
7718
7719
7718
7719
7718
7718
7718
7718
7718
7719
7718
7718
7719
7719
7718
7710
7718
7719
7719
7719
7718
7719
7719
7719
7578
7719
7719
7719
7719
7719
7718
7719
7719
7718
7719
7719
7719
7706
7718
7603
7718
7719
7719
7718
7719
7661
7719
7719
7578
7719
7718
7710
7579
7718
7719
7719
7538
7719
7718
7718
7719
7689
7717
7719
7719
7719
7719
7699
7718
7719
7494
7719
7719
7554
7718
7710
7718
7718
7719
7705
7710
7718
7719
7718
7719
7718
7719
7719
7718
7719
7719
7719
7718
7494
7719
7718
7718
7719
7719
7719
7719
7719
7688
7718
7719
7719
7718
7718
7717
7711
7717
7719
7718
7718
7703
7719
7718
7578
7718
7470
7719
7719
7716
7718
7719
7719
7719
7719
7677
7718
7719
7718
7719
7494
7719
7719
7717
7718
7719
7719
7719
7708
7719
7718
7719
7719
7719
7718
7718
7719
7719
7682
7718
7719
7719
7718
7719
7719
7719
7699
7719
7719
7718
7719
7706
7717
7716
7718
7719
7719
7718
7719
7719
7719
7718
7708
7719
7719
7719
7719
7470
7719
7719
7718
7719
7707
7719
7718
7704
7719
7718
7719
7719
7718
7718
7719
7579
7719
7719
7490
7719
7718
7719
7719
7714
7578
7714
7718
7719
7667
7719
7719
7638
7718
7719
7719
7719
7694
7719
7718
7719
7718
7718
7719
7718
7719
7719
7719
7718
7719
7719
7641
7719
7494
7717
7702
7719
7718
7718
7719
7718
7480
7719
7719
7719
7718
7703
7719
7714
7703
7718
7718
7706
7719
7719
7717
7719
7718
7719
7470
7718
7719
7719
7707
7718
7719
7719
7719
7572
7714
7718
7719
7719
7718
7705
7718
7719
7719
7719
7718
7719
7718
7719
7718
7718
7719
7719
7719
7718
7719
7718
7719
7719
7707
7719
7718
7719
7578
7719
7719
7718
7681
7718
7719
7719
7719
7717
7719
7688
7718
7719
7718
7719
7719
7719
7719
7719
7719
7719
7719
7710
7719
7718
7719
7719
7718
7718
7718
7718
7719
7574
7714
7719
7488
7719
7719
7719
7718
7719
7718
7690
7719
7719
7718
7718
7718
7718
7719
7719
7719
7718
7719
7494
7718
7719
7719
7719
7718
7677
7719
7719
7659
7718
7719
7719
7707
7719
7558
7711
7719
7718
7719
7718
7719
7719
7719
7625
7718
7714
7718
7719
7719
7719
7718
7718
7718
7718
7719
7719
7719
7719
7494
7719
7719
7711
7719
7718
7719
7719
7683
7716
7719
7714
7719
7719
7578
7719
7719
7719
7719
7719
7718
7719
7719
7718
7717
7718
7710
7719
7719
7718
7719
7719
7719
7719
7711
7706
7719
7719
7719
7718
7719
7719
7719
7714
7718
7578
7480
7680
7718
7719
7719
7719
7684
7719
7494
7719
7719
7713
7718
7688
7718
7706
7719
7719
7719
7719
7719
7718
7718
7719
7718
7718
Highest Fitness: 7719
