7719
7719
7719
7719
7718
7718
7719
7718
7707
7705
7719
7702
7718
7719
7718
7717
7655
7706
7719
7719
7719
7718
7719
7700
7719
7718
7677
7719
7719
7579
7719
7579
7719
7719
7719
7718
7718
7718
7719
7719
7708
7719
7719
7714
7719
7714
7718
7718
7579
7718
7719
7719
7718
7718
7718
7578
7719
7719
7719
7719
7719
7719
7719
7718
7718
7718
7718
7718
7718
7719
7719
7719
7718
7719
7719
7719
7718
7719
7719
7718
7719
7719
7718
7719
7719
7705
7719
7579
7490
7718
7719
7718
7719
7719
7719
7719
7719
7718
7718
7719
7714
7554
7718
7494
7719
7718
7719
7714
7719
7719
7711
7718
7718
7719
7719
7718
7719
7697
7718
7603
7718
7718
7719
7706
7719
7719
7711
7718
7718
7718
7719
7713
7719
7718
7719
7718
7719
7718
7711
7719
7718
7719
7719
7718
7710
7719
7718
7719
7719
7718
7718
7702
7718
7719
7719
7719
7719
7578
7718
7554
7719
7719
7719
7718
7719
7694
7718
7718
7719
7719
7718
7718
7718
7719
7698
7719
7654
7494
7695
7719
7701
7578
7719
7515
7718
7719
7719
7719
7718
7719
7719
7718
7668
7702
7719
7719
7719
7719
7719
7719
Highest Fitness: 7719
