2501
2502
2502
2502
2502
2501
2501
2501
2501
2500
2502
2501
2502
2502
2500
2502
2502
2502
2501
2503
2501
2501
2500
2501
2502
2501
2502
2501
2502
2500
2502
2500
2502
2500
2501
2502
2502
2502
2500
2502
2500
2500
2501
2502
2501
2502
2501
2501
2502
2502
2502
2500
2501
2502
2500
2501
2502
2501
2500
2500
2501
2501
2502
2501
2500
2501
2500
2501
2501
2501
2502
2502
2500
2500
2501
2500
2502
2501
2501
2501
2501
2501
2502
2502
2501
2502
2501
2501
2501
2501
2501
2500
2500
2500
2501
2502
2501
2502
2503
2500
2500
2501
2501
2502
2500
2501
2501
2501
2500
2502
2502
2502
2502
2500
2502
2500
2501
2501
2501
2501
2501
2500
2501
2501
2502
2500
2501
2501
2500
2500
2502
2501
2502
2501
2501
2500
2501
2502
2500
2501
2500
2501
2501
2500
2501
2500
2501
2501
2501
2500
2501
2500
2502
2501
2501
2500
2502
2501
2502
2501
2501
2501
2501
2501
2501
2501
2500
2500
2500
2500
2501
2500
2502
2501
2501
2501
2501
2500
2500
2501
2502
2500
2501
2500
2501
2501
2500
2501
2501
2501
2500
2501
2501
2506
2502
2502
2501
2500
2501
2502
Highest Fitness: 2506
