102
287
323
327
341
224
245
272
295
306
272
258
258
341
258
272
327
327
272
245
272
258
194
272
355
309
258
245
313
300
206
272
355
245
111
245
121
148
300
327
261
245
327
263
231
217
145
182
272
313
341
355
258
219
355
323
261
258
272
272
327
170
231
323
258
323
355
255
229
245
281
327
317
295
313
138
59
245
306
317
245
245
157
355
313
323
313
355
345
273
258
272
341
295
313
334
245
291
341
268
327
309
272
341
355
258
258
281
313
231
291
313
182
272
327
231
148
258
327
282
248
313
268
313
309
253
148
355
327
264
272
281
295
245
231
272
204
231
300
309
341
320
219
311
138
206
313
295
245
145
355
323
248
258
272
169
111
253
231
272
355
219
278
300
245
295
323
258
278
245
360
355
245
282
245
261
245
341
138
313
300
341
345
212
323
309
323
157
245
109
245
258
272
109
245
258
341
313
341
258
231
258
280
272
245
258
217
720
268
272
323
258
295
327
248
300
320
170
258
206
273
148
272
258
327
320
309
231
345
258
194
295
159
317
453
272
274
327
272
295
Highest Fitness: 453
