102
287
323
327
341
224
245
272
295
306
272
258
258
341
258
272
327
327
272
245
272
258
194
272
355
309
258
245
313
300
206
272
355
245
111
245
121
148
300
327
261
245
327
263
231
217
145
182
272
313
341
355
258
219
355
323
261
258
272
272
327
170
231
323
258
323
355
255
229
245
281
327
317
295
313
138
59
245
306
317
245
245
157
355
313
323
313
355
345
273
258
272
341
295
313
334
245
291
341
268
327
309
272
341
355
258
258
281
313
231
291
313
182
272
327
231
148
258
327
282
248
313
268
313
309
253
148
355
327
264
272
281
295
245
231
272
204
231
300
309
Highest Fitness: 355
